newCand1 = RigidTransform(
 R=RotationMatrix([
   [0.05565567547520678, -0.0002444713294406653, -0.9984499917477929],
   [0.998439517819967, -0.004573334192722878, 0.05565621142149002],
   [-0.00457985183498183, -0.9999895123690703, -1.0442167382385126e-05],
 ]),
 p=[-0.08398625420868182, -0.44822613274600115, 0.33908292428232244],
)


oldCand = RigidTransform(
 R=RotationMatrix([
   [0.05565567547520678, -0.0002444713294406653, -0.9984499917477929],
   [0.998439517819967, -0.004573334192722878, 0.05565621142149002],
   [-0.00457985183498183, -0.9999895123690703, -1.0442167382385126e-05],
 ]),
 p=[-0.08398625420868182, -0.44822613274600115, 0.23908292428232244],
)

jelloUpPos = [-2.28218173, 0.36183194, 0.6409329, -1.87001069, -0.25713113, 0.98730485, -1.4742302 ]

jelloUpPos[-1] += math.pi/2

jelloGrab = [-2.20756227, 0.53526387, 0.56340115, -1.94833742, -0.4047902, 0.76519159, -1.35562563]

jelloGrab[-1] += math.pi/2

tideUpPos = [-2.0033341, 0.57914925, 0.61913132, -1.56970203, -0.36290568, 1.10890311, -1.2293522 ]
tideUpPos[-1] += math.pi/2

tideGrab = [-1.95768116, 0.71346724, 0.55135146, -1.6421036, -0.44657148, 0.91555577, -1.16952908]
tideGrab[-1] += math.pi/2

cupGrab = [-2.15496806, 0.83227552, 0.46040382, -1.38088237, -0.3967169, 1.01938937, -1.62434109]
cupGrab[-1] += math.pi/8

cupUp = [-1.69340663, 0.68390589, -0.29562936, -1.3059921, 0.20039026, 1.17915618, -2.00987056]
cupUp[-1] += math.pi/8

glassUp = [-0.95816858, 0.58765876, -0.52798669, -1.61296202, 0.34795992, 1.00571432, (3.05432619 - (math.pi / 7))]
glassUpBigger = [-0.95816858, 0.30765876, -0.52798669, -1.61296202, 0.34795992, 1.00571432, (3.05432619 - (math.pi / 7))]

glassGrab = [-0.95816858, 0.69765876, -0.52798669, -1.61296202, 0.34795992, 1.00571432, (3.05432619 - (math.pi / 7))]

Rstraight=RotationMatrix([
    [0.05597484092032722, -0.0010961886872575403, -0.998431577803059],
    [0.9984194494229444, -0.004988304216565806, 0.055979637682178125],
    [-0.005041844695051499, -0.9999869575106491, 0.0008152365706108688],
  ])